# Created by Octave 4.4.0, Fri Feb 08 13:35:48 2019 ACDT <tim@Tims-Air-6.lan>
# name: B
# type: matrix
# rows: 34
# columns: 30
 1 0 0 0 0 0 0 0 0 0 0 0 0 0 0 0 0 0 0 0 0 0 0 0 0 0 0 0 0 0
 0 1 0 0 0 0 0 0 0 0 0 0 0 0 0 0 0 0 0 0 0 0 0 0 0 0 0 0 0 0
 0 1 1 1 1 1 1 1 1 0 0 0 0 0 0 0 0 0 0 0 0 0 0 0 0 0 0 0 0 0
 0 0 0 0 0 0 0 0 0 1 0 0 0 0 0 0 0 0 0 0 0 0 0 0 0 0 0 0 0 0
 0 0 0 0 0 0 0 0 1 0 1 0 0 0 0 0 0 0 0 0 0 0 0 0 0 0 0 0 0 0
 0 0 0 0 0 0 0 0 0 0 0 1 1 0 0 0 0 0 0 0 0 0 0 0 0 0 0 0 0 0
 0 0 0 0 0 0 0 0 0 0 0 0 0 1 1 0 0 0 0 0 0 0 0 0 0 0 0 0 0 0
 0 0 0 0 0 0 0 0 1 0 0 0 0 0 0 0 0 0 0 0 0 0 0 0 0 0 0 0 0 0
 0 0 0 0 0 1 0 0 0 0 0 0 0 0 0 0 0 0 0 0 0 0 0 0 0 0 0 0 0 0
 0 0 0 0 0 0 0 0 0 1 0 0 0 0 0 1 0 0 0 0 0 0 0 0 0 0 0 0 0 0
 0 0 0 0 0 0 0 0 0 0 0 0 1 0 0 0 1 0 0 0 0 0 0 0 0 0 0 0 0 0
 0 0 0 0 0 0 0 0 0 0 0 0 0 0 0 0 0 1 1 0 0 0 0 0 0 0 0 0 0 0
 0 0 0 0 0 0 0 0 0 0 0 0 0 0 1 0 0 0 0 0 0 0 0 0 0 0 0 0 0 0
 0 0 0 0 0 0 1 0 0 0 0 0 0 0 0 0 0 1 0 1 0 0 0 0 0 0 0 0 0 0
 0 0 0 0 0 0 0 0 0 0 0 0 0 0 0 0 0 0 0 0 1 0 0 0 0 0 0 0 0 0
 0 0 0 0 0 0 0 0 0 0 0 0 0 0 0 0 0 0 0 0 0 1 0 0 0 0 0 0 0 0
 0 0 0 1 0 0 0 0 0 0 0 0 0 0 0 0 0 0 0 0 0 0 0 0 0 0 0 0 0 0
 0 0 0 0 0 0 0 0 0 0 0 0 0 0 0 0 0 0 1 0 0 0 0 0 0 0 0 0 0 0
 0 0 0 0 0 0 0 0 0 0 1 0 0 0 0 0 0 0 0 0 0 0 0 0 0 0 0 0 0 0
 1 0 0 0 0 0 0 0 0 0 0 0 0 1 0 1 0 0 0 0 0 0 1 1 0 0 0 0 0 0
 0 0 0 0 0 0 0 0 0 0 0 0 0 0 0 0 0 0 0 0 0 0 0 0 1 0 0 0 0 0
 0 0 0 0 0 0 0 0 0 0 0 1 0 0 0 0 0 0 0 0 0 0 0 0 0 1 0 0 0 0
 0 0 0 0 0 0 0 0 0 0 0 0 0 0 0 0 1 0 0 0 0 0 0 0 0 0 0 0 0 0
 0 0 1 0 0 0 0 0 0 0 0 0 0 0 0 0 0 0 0 0 0 0 0 0 0 0 0 0 0 0
 0 0 0 0 0 0 0 0 0 0 0 0 0 0 0 0 0 0 0 0 0 0 0 0 0 0 1 0 0 0
 0 0 0 0 0 0 0 0 0 0 0 0 0 0 0 0 0 0 0 1 0 1 0 0 0 0 0 0 0 0
 0 0 0 0 0 0 0 0 0 0 0 0 0 0 0 0 0 0 0 0 0 0 0 1 0 0 0 0 0 0
 0 0 0 0 0 0 0 0 0 0 0 1 0 0 0 0 0 0 0 0 0 0 0 0 0 0 0 1 1 0
 0 0 0 0 0 0 0 0 0 0 0 0 0 0 0 0 0 0 0 0 0 0 0 0 0 0 0 0 1 0
 0 0 0 1 0 0 0 0 0 0 0 0 0 0 0 0 0 0 0 0 1 0 0 0 0 1 1 0 0 1
 0 0 0 0 0 0 0 0 0 0 0 0 0 0 0 0 0 0 0 0 0 0 0 0 0 0 0 0 0 1
 0 0 0 0 0 0 0 0 0 0 0 0 0 0 0 1 0 1 0 0 0 0 0 0 1 0 0 0 0 0
 0 0 0 0 0 0 0 0 0 0 0 0 0 0 0 1 1 0 0 0 0 0 0 0 0 0 0 0 0 0
 0 0 0 0 0 0 0 1 0 0 0 0 0 0 0 0 0 0 0 0 0 0 0 0 0 0 0 0 0 0


# name: L
# type: matrix
# rows: 64
# columns: 64
 1 -0 -0 -0 -0 -0 -0 -0 -0 -0 -0 -0 -0 -0 -0 -0 -0 -0 -0 -0 -0 -0 -0 -0 -0 -0 -0 -0 -0 -0 -0 -0 -0 -0 -1 -0 -0 -0 -0 -0 -0 -0 -0 -0 -0 -0 -0 -0 -0 -0 -0 -0 -0 -0 -0 -0 -0 -0 -0 -0 -0 -0 -0 -0
 -0 1 -0 -0 -0 -0 -0 -0 -0 -0 -0 -0 -0 -0 -0 -0 -0 -0 -0 -0 -0 -0 -0 -0 -0 -0 -0 -0 -0 -0 -0 -0 -0 -0 -0 -1 -0 -0 -0 -0 -0 -0 -0 -0 -0 -0 -0 -0 -0 -0 -0 -0 -0 -0 -0 -0 -0 -0 -0 -0 -0 -0 -0 -0
 -0 -0 8 -0 -0 -0 -0 -0 -0 -0 -0 -0 -0 -0 -0 -0 -0 -0 -0 -0 -0 -0 -0 -0 -0 -0 -0 -0 -0 -0 -0 -0 -0 -0 -0 -1 -1 -1 -1 -1 -1 -1 -1 -0 -0 -0 -0 -0 -0 -0 -0 -0 -0 -0 -0 -0 -0 -0 -0 -0 -0 -0 -0 -0
 -0 -0 -0 1 -0 -0 -0 -0 -0 -0 -0 -0 -0 -0 -0 -0 -0 -0 -0 -0 -0 -0 -0 -0 -0 -0 -0 -0 -0 -0 -0 -0 -0 -0 -0 -0 -0 -0 -0 -0 -0 -0 -0 -1 -0 -0 -0 -0 -0 -0 -0 -0 -0 -0 -0 -0 -0 -0 -0 -0 -0 -0 -0 -0
 -0 -0 -0 -0 2 -0 -0 -0 -0 -0 -0 -0 -0 -0 -0 -0 -0 -0 -0 -0 -0 -0 -0 -0 -0 -0 -0 -0 -0 -0 -0 -0 -0 -0 -0 -0 -0 -0 -0 -0 -0 -0 -1 -0 -1 -0 -0 -0 -0 -0 -0 -0 -0 -0 -0 -0 -0 -0 -0 -0 -0 -0 -0 -0
 -0 -0 -0 -0 -0 2 -0 -0 -0 -0 -0 -0 -0 -0 -0 -0 -0 -0 -0 -0 -0 -0 -0 -0 -0 -0 -0 -0 -0 -0 -0 -0 -0 -0 -0 -0 -0 -0 -0 -0 -0 -0 -0 -0 -0 -1 -1 -0 -0 -0 -0 -0 -0 -0 -0 -0 -0 -0 -0 -0 -0 -0 -0 -0
 -0 -0 -0 -0 -0 -0 2 -0 -0 -0 -0 -0 -0 -0 -0 -0 -0 -0 -0 -0 -0 -0 -0 -0 -0 -0 -0 -0 -0 -0 -0 -0 -0 -0 -0 -0 -0 -0 -0 -0 -0 -0 -0 -0 -0 -0 -0 -1 -1 -0 -0 -0 -0 -0 -0 -0 -0 -0 -0 -0 -0 -0 -0 -0
 -0 -0 -0 -0 -0 -0 -0 1 -0 -0 -0 -0 -0 -0 -0 -0 -0 -0 -0 -0 -0 -0 -0 -0 -0 -0 -0 -0 -0 -0 -0 -0 -0 -0 -0 -0 -0 -0 -0 -0 -0 -0 -1 -0 -0 -0 -0 -0 -0 -0 -0 -0 -0 -0 -0 -0 -0 -0 -0 -0 -0 -0 -0 -0
 -0 -0 -0 -0 -0 -0 -0 -0 1 -0 -0 -0 -0 -0 -0 -0 -0 -0 -0 -0 -0 -0 -0 -0 -0 -0 -0 -0 -0 -0 -0 -0 -0 -0 -0 -0 -0 -0 -0 -1 -0 -0 -0 -0 -0 -0 -0 -0 -0 -0 -0 -0 -0 -0 -0 -0 -0 -0 -0 -0 -0 -0 -0 -0
 -0 -0 -0 -0 -0 -0 -0 -0 -0 2 -0 -0 -0 -0 -0 -0 -0 -0 -0 -0 -0 -0 -0 -0 -0 -0 -0 -0 -0 -0 -0 -0 -0 -0 -0 -0 -0 -0 -0 -0 -0 -0 -0 -1 -0 -0 -0 -0 -0 -1 -0 -0 -0 -0 -0 -0 -0 -0 -0 -0 -0 -0 -0 -0
 -0 -0 -0 -0 -0 -0 -0 -0 -0 -0 2 -0 -0 -0 -0 -0 -0 -0 -0 -0 -0 -0 -0 -0 -0 -0 -0 -0 -0 -0 -0 -0 -0 -0 -0 -0 -0 -0 -0 -0 -0 -0 -0 -0 -0 -0 -1 -0 -0 -0 -1 -0 -0 -0 -0 -0 -0 -0 -0 -0 -0 -0 -0 -0
 -0 -0 -0 -0 -0 -0 -0 -0 -0 -0 -0 2 -0 -0 -0 -0 -0 -0 -0 -0 -0 -0 -0 -0 -0 -0 -0 -0 -0 -0 -0 -0 -0 -0 -0 -0 -0 -0 -0 -0 -0 -0 -0 -0 -0 -0 -0 -0 -0 -0 -0 -1 -1 -0 -0 -0 -0 -0 -0 -0 -0 -0 -0 -0
 -0 -0 -0 -0 -0 -0 -0 -0 -0 -0 -0 -0 1 -0 -0 -0 -0 -0 -0 -0 -0 -0 -0 -0 -0 -0 -0 -0 -0 -0 -0 -0 -0 -0 -0 -0 -0 -0 -0 -0 -0 -0 -0 -0 -0 -0 -0 -0 -1 -0 -0 -0 -0 -0 -0 -0 -0 -0 -0 -0 -0 -0 -0 -0
 -0 -0 -0 -0 -0 -0 -0 -0 -0 -0 -0 -0 -0 3 -0 -0 -0 -0 -0 -0 -0 -0 -0 -0 -0 -0 -0 -0 -0 -0 -0 -0 -0 -0 -0 -0 -0 -0 -0 -0 -1 -0 -0 -0 -0 -0 -0 -0 -0 -0 -0 -1 -0 -1 -0 -0 -0 -0 -0 -0 -0 -0 -0 -0
 -0 -0 -0 -0 -0 -0 -0 -0 -0 -0 -0 -0 -0 -0 1 -0 -0 -0 -0 -0 -0 -0 -0 -0 -0 -0 -0 -0 -0 -0 -0 -0 -0 -0 -0 -0 -0 -0 -0 -0 -0 -0 -0 -0 -0 -0 -0 -0 -0 -0 -0 -0 -0 -0 -1 -0 -0 -0 -0 -0 -0 -0 -0 -0
 -0 -0 -0 -0 -0 -0 -0 -0 -0 -0 -0 -0 -0 -0 -0 1 -0 -0 -0 -0 -0 -0 -0 -0 -0 -0 -0 -0 -0 -0 -0 -0 -0 -0 -0 -0 -0 -0 -0 -0 -0 -0 -0 -0 -0 -0 -0 -0 -0 -0 -0 -0 -0 -0 -0 -1 -0 -0 -0 -0 -0 -0 -0 -0
 -0 -0 -0 -0 -0 -0 -0 -0 -0 -0 -0 -0 -0 -0 -0 -0 1 -0 -0 -0 -0 -0 -0 -0 -0 -0 -0 -0 -0 -0 -0 -0 -0 -0 -0 -0 -0 -1 -0 -0 -0 -0 -0 -0 -0 -0 -0 -0 -0 -0 -0 -0 -0 -0 -0 -0 -0 -0 -0 -0 -0 -0 -0 -0
 -0 -0 -0 -0 -0 -0 -0 -0 -0 -0 -0 -0 -0 -0 -0 -0 -0 1 -0 -0 -0 -0 -0 -0 -0 -0 -0 -0 -0 -0 -0 -0 -0 -0 -0 -0 -0 -0 -0 -0 -0 -0 -0 -0 -0 -0 -0 -0 -0 -0 -0 -0 -1 -0 -0 -0 -0 -0 -0 -0 -0 -0 -0 -0
 -0 -0 -0 -0 -0 -0 -0 -0 -0 -0 -0 -0 -0 -0 -0 -0 -0 -0 1 -0 -0 -0 -0 -0 -0 -0 -0 -0 -0 -0 -0 -0 -0 -0 -0 -0 -0 -0 -0 -0 -0 -0 -0 -0 -1 -0 -0 -0 -0 -0 -0 -0 -0 -0 -0 -0 -0 -0 -0 -0 -0 -0 -0 -0
 -0 -0 -0 -0 -0 -0 -0 -0 -0 -0 -0 -0 -0 -0 -0 -0 -0 -0 -0 5 -0 -0 -0 -0 -0 -0 -0 -0 -0 -0 -0 -0 -0 -0 -1 -0 -0 -0 -0 -0 -0 -0 -0 -0 -0 -0 -0 -1 -0 -1 -0 -0 -0 -0 -0 -0 -1 -1 -0 -0 -0 -0 -0 -0
 -0 -0 -0 -0 -0 -0 -0 -0 -0 -0 -0 -0 -0 -0 -0 -0 -0 -0 -0 -0 1 -0 -0 -0 -0 -0 -0 -0 -0 -0 -0 -0 -0 -0 -0 -0 -0 -0 -0 -0 -0 -0 -0 -0 -0 -0 -0 -0 -0 -0 -0 -0 -0 -0 -0 -0 -0 -0 -1 -0 -0 -0 -0 -0
 -0 -0 -0 -0 -0 -0 -0 -0 -0 -0 -0 -0 -0 -0 -0 -0 -0 -0 -0 -0 -0 2 -0 -0 -0 -0 -0 -0 -0 -0 -0 -0 -0 -0 -0 -0 -0 -0 -0 -0 -0 -0 -0 -0 -0 -1 -0 -0 -0 -0 -0 -0 -0 -0 -0 -0 -0 -0 -0 -1 -0 -0 -0 -0
 -0 -0 -0 -0 -0 -0 -0 -0 -0 -0 -0 -0 -0 -0 -0 -0 -0 -0 -0 -0 -0 -0 1 -0 -0 -0 -0 -0 -0 -0 -0 -0 -0 -0 -0 -0 -0 -0 -0 -0 -0 -0 -0 -0 -0 -0 -0 -0 -0 -0 -1 -0 -0 -0 -0 -0 -0 -0 -0 -0 -0 -0 -0 -0
 -0 -0 -0 -0 -0 -0 -0 -0 -0 -0 -0 -0 -0 -0 -0 -0 -0 -0 -0 -0 -0 -0 -0 1 -0 -0 -0 -0 -0 -0 -0 -0 -0 -0 -0 -0 -1 -0 -0 -0 -0 -0 -0 -0 -0 -0 -0 -0 -0 -0 -0 -0 -0 -0 -0 -0 -0 -0 -0 -0 -0 -0 -0 -0
 -0 -0 -0 -0 -0 -0 -0 -0 -0 -0 -0 -0 -0 -0 -0 -0 -0 -0 -0 -0 -0 -0 -0 -0 1 -0 -0 -0 -0 -0 -0 -0 -0 -0 -0 -0 -0 -0 -0 -0 -0 -0 -0 -0 -0 -0 -0 -0 -0 -0 -0 -0 -0 -0 -0 -0 -0 -0 -0 -0 -1 -0 -0 -0
 -0 -0 -0 -0 -0 -0 -0 -0 -0 -0 -0 -0 -0 -0 -0 -0 -0 -0 -0 -0 -0 -0 -0 -0 -0 2 -0 -0 -0 -0 -0 -0 -0 -0 -0 -0 -0 -0 -0 -0 -0 -0 -0 -0 -0 -0 -0 -0 -0 -0 -0 -0 -0 -1 -0 -1 -0 -0 -0 -0 -0 -0 -0 -0
 -0 -0 -0 -0 -0 -0 -0 -0 -0 -0 -0 -0 -0 -0 -0 -0 -0 -0 -0 -0 -0 -0 -0 -0 -0 -0 1 -0 -0 -0 -0 -0 -0 -0 -0 -0 -0 -0 -0 -0 -0 -0 -0 -0 -0 -0 -0 -0 -0 -0 -0 -0 -0 -0 -0 -0 -0 -1 -0 -0 -0 -0 -0 -0
 -0 -0 -0 -0 -0 -0 -0 -0 -0 -0 -0 -0 -0 -0 -0 -0 -0 -0 -0 -0 -0 -0 -0 -0 -0 -0 -0 3 -0 -0 -0 -0 -0 -0 -0 -0 -0 -0 -0 -0 -0 -0 -0 -0 -0 -1 -0 -0 -0 -0 -0 -0 -0 -0 -0 -0 -0 -0 -0 -0 -0 -1 -1 -0
 -0 -0 -0 -0 -0 -0 -0 -0 -0 -0 -0 -0 -0 -0 -0 -0 -0 -0 -0 -0 -0 -0 -0 -0 -0 -0 -0 -0 1 -0 -0 -0 -0 -0 -0 -0 -0 -0 -0 -0 -0 -0 -0 -0 -0 -0 -0 -0 -0 -0 -0 -0 -0 -0 -0 -0 -0 -0 -0 -0 -0 -0 -1 -0
 -0 -0 -0 -0 -0 -0 -0 -0 -0 -0 -0 -0 -0 -0 -0 -0 -0 -0 -0 -0 -0 -0 -0 -0 -0 -0 -0 -0 -0 5 -0 -0 -0 -0 -0 -0 -0 -1 -0 -0 -0 -0 -0 -0 -0 -0 -0 -0 -0 -0 -0 -0 -0 -0 -1 -0 -0 -0 -0 -1 -1 -0 -0 -1
 -0 -0 -0 -0 -0 -0 -0 -0 -0 -0 -0 -0 -0 -0 -0 -0 -0 -0 -0 -0 -0 -0 -0 -0 -0 -0 -0 -0 -0 -0 1 -0 -0 -0 -0 -0 -0 -0 -0 -0 -0 -0 -0 -0 -0 -0 -0 -0 -0 -0 -0 -0 -0 -0 -0 -0 -0 -0 -0 -0 -0 -0 -0 -1
 -0 -0 -0 -0 -0 -0 -0 -0 -0 -0 -0 -0 -0 -0 -0 -0 -0 -0 -0 -0 -0 -0 -0 -0 -0 -0 -0 -0 -0 -0 -0 3 -0 -0 -0 -0 -0 -0 -0 -0 -0 -0 -0 -0 -0 -0 -0 -0 -0 -1 -0 -1 -0 -0 -0 -0 -0 -0 -1 -0 -0 -0 -0 -0
 -0 -0 -0 -0 -0 -0 -0 -0 -0 -0 -0 -0 -0 -0 -0 -0 -0 -0 -0 -0 -0 -0 -0 -0 -0 -0 -0 -0 -0 -0 -0 -0 2 -0 -0 -0 -0 -0 -0 -0 -0 -0 -0 -0 -0 -0 -0 -0 -0 -1 -1 -0 -0 -0 -0 -0 -0 -0 -0 -0 -0 -0 -0 -0
 -0 -0 -0 -0 -0 -0 -0 -0 -0 -0 -0 -0 -0 -0 -0 -0 -0 -0 -0 -0 -0 -0 -0 -0 -0 -0 -0 -0 -0 -0 -0 -0 -0 1 -0 -0 -0 -0 -0 -0 -0 -1 -0 -0 -0 -0 -0 -0 -0 -0 -0 -0 -0 -0 -0 -0 -0 -0 -0 -0 -0 -0 -0 -0
 -1 -0 -0 -0 -0 -0 -0 -0 -0 -0 -0 -0 -0 -0 -0 -0 -0 -0 -0 -1 -0 -0 -0 -0 -0 -0 -0 -0 -0 -0 -0 -0 -0 -0 2 -0 -0 -0 -0 -0 -0 -0 -0 -0 -0 -0 -0 -0 -0 -0 -0 -0 -0 -0 -0 -0 -0 -0 -0 -0 -0 -0 -0 -0
 -0 -1 -1 -0 -0 -0 -0 -0 -0 -0 -0 -0 -0 -0 -0 -0 -0 -0 -0 -0 -0 -0 -0 -0 -0 -0 -0 -0 -0 -0 -0 -0 -0 -0 -0 2 -0 -0 -0 -0 -0 -0 -0 -0 -0 -0 -0 -0 -0 -0 -0 -0 -0 -0 -0 -0 -0 -0 -0 -0 -0 -0 -0 -0
 -0 -0 -1 -0 -0 -0 -0 -0 -0 -0 -0 -0 -0 -0 -0 -0 -0 -0 -0 -0 -0 -0 -0 -1 -0 -0 -0 -0 -0 -0 -0 -0 -0 -0 -0 -0 2 -0 -0 -0 -0 -0 -0 -0 -0 -0 -0 -0 -0 -0 -0 -0 -0 -0 -0 -0 -0 -0 -0 -0 -0 -0 -0 -0
 -0 -0 -1 -0 -0 -0 -0 -0 -0 -0 -0 -0 -0 -0 -0 -0 -1 -0 -0 -0 -0 -0 -0 -0 -0 -0 -0 -0 -0 -1 -0 -0 -0 -0 -0 -0 -0 3 -0 -0 -0 -0 -0 -0 -0 -0 -0 -0 -0 -0 -0 -0 -0 -0 -0 -0 -0 -0 -0 -0 -0 -0 -0 -0
 -0 -0 -1 -0 -0 -0 -0 -0 -0 -0 -0 -0 -0 -0 -0 -0 -0 -0 -0 -0 -0 -0 -0 -0 -0 -0 -0 -0 -0 -0 -0 -0 -0 -0 -0 -0 -0 -0 1 -0 -0 -0 -0 -0 -0 -0 -0 -0 -0 -0 -0 -0 -0 -0 -0 -0 -0 -0 -0 -0 -0 -0 -0 -0
 -0 -0 -1 -0 -0 -0 -0 -0 -1 -0 -0 -0 -0 -0 -0 -0 -0 -0 -0 -0 -0 -0 -0 -0 -0 -0 -0 -0 -0 -0 -0 -0 -0 -0 -0 -0 -0 -0 -0 2 -0 -0 -0 -0 -0 -0 -0 -0 -0 -0 -0 -0 -0 -0 -0 -0 -0 -0 -0 -0 -0 -0 -0 -0
 -0 -0 -1 -0 -0 -0 -0 -0 -0 -0 -0 -0 -0 -1 -0 -0 -0 -0 -0 -0 -0 -0 -0 -0 -0 -0 -0 -0 -0 -0 -0 -0 -0 -0 -0 -0 -0 -0 -0 -0 2 -0 -0 -0 -0 -0 -0 -0 -0 -0 -0 -0 -0 -0 -0 -0 -0 -0 -0 -0 -0 -0 -0 -0
 -0 -0 -1 -0 -0 -0 -0 -0 -0 -0 -0 -0 -0 -0 -0 -0 -0 -0 -0 -0 -0 -0 -0 -0 -0 -0 -0 -0 -0 -0 -0 -0 -0 -1 -0 -0 -0 -0 -0 -0 -0 2 -0 -0 -0 -0 -0 -0 -0 -0 -0 -0 -0 -0 -0 -0 -0 -0 -0 -0 -0 -0 -0 -0
 -0 -0 -1 -0 -1 -0 -0 -1 -0 -0 -0 -0 -0 -0 -0 -0 -0 -0 -0 -0 -0 -0 -0 -0 -0 -0 -0 -0 -0 -0 -0 -0 -0 -0 -0 -0 -0 -0 -0 -0 -0 -0 3 -0 -0 -0 -0 -0 -0 -0 -0 -0 -0 -0 -0 -0 -0 -0 -0 -0 -0 -0 -0 -0
 -0 -0 -0 -1 -0 -0 -0 -0 -0 -1 -0 -0 -0 -0 -0 -0 -0 -0 -0 -0 -0 -0 -0 -0 -0 -0 -0 -0 -0 -0 -0 -0 -0 -0 -0 -0 -0 -0 -0 -0 -0 -0 -0 2 -0 -0 -0 -0 -0 -0 -0 -0 -0 -0 -0 -0 -0 -0 -0 -0 -0 -0 -0 -0
 -0 -0 -0 -0 -1 -0 -0 -0 -0 -0 -0 -0 -0 -0 -0 -0 -0 -0 -1 -0 -0 -0 -0 -0 -0 -0 -0 -0 -0 -0 -0 -0 -0 -0 -0 -0 -0 -0 -0 -0 -0 -0 -0 -0 2 -0 -0 -0 -0 -0 -0 -0 -0 -0 -0 -0 -0 -0 -0 -0 -0 -0 -0 -0
 -0 -0 -0 -0 -0 -1 -0 -0 -0 -0 -0 -0 -0 -0 -0 -0 -0 -0 -0 -0 -0 -1 -0 -0 -0 -0 -0 -1 -0 -0 -0 -0 -0 -0 -0 -0 -0 -0 -0 -0 -0 -0 -0 -0 -0 3 -0 -0 -0 -0 -0 -0 -0 -0 -0 -0 -0 -0 -0 -0 -0 -0 -0 -0
 -0 -0 -0 -0 -0 -1 -0 -0 -0 -0 -1 -0 -0 -0 -0 -0 -0 -0 -0 -0 -0 -0 -0 -0 -0 -0 -0 -0 -0 -0 -0 -0 -0 -0 -0 -0 -0 -0 -0 -0 -0 -0 -0 -0 -0 -0 2 -0 -0 -0 -0 -0 -0 -0 -0 -0 -0 -0 -0 -0 -0 -0 -0 -0
 -0 -0 -0 -0 -0 -0 -1 -0 -0 -0 -0 -0 -0 -0 -0 -0 -0 -0 -0 -1 -0 -0 -0 -0 -0 -0 -0 -0 -0 -0 -0 -0 -0 -0 -0 -0 -0 -0 -0 -0 -0 -0 -0 -0 -0 -0 -0 2 -0 -0 -0 -0 -0 -0 -0 -0 -0 -0 -0 -0 -0 -0 -0 -0
 -0 -0 -0 -0 -0 -0 -1 -0 -0 -0 -0 -0 -1 -0 -0 -0 -0 -0 -0 -0 -0 -0 -0 -0 -0 -0 -0 -0 -0 -0 -0 -0 -0 -0 -0 -0 -0 -0 -0 -0 -0 -0 -0 -0 -0 -0 -0 -0 2 -0 -0 -0 -0 -0 -0 -0 -0 -0 -0 -0 -0 -0 -0 -0
 -0 -0 -0 -0 -0 -0 -0 -0 -0 -1 -0 -0 -0 -0 -0 -0 -0 -0 -0 -1 -0 -0 -0 -0 -0 -0 -0 -0 -0 -0 -0 -1 -1 -0 -0 -0 -0 -0 -0 -0 -0 -0 -0 -0 -0 -0 -0 -0 -0 4 -0 -0 -0 -0 -0 -0 -0 -0 -0 -0 -0 -0 -0 -0
 -0 -0 -0 -0 -0 -0 -0 -0 -0 -0 -1 -0 -0 -0 -0 -0 -0 -0 -0 -0 -0 -0 -1 -0 -0 -0 -0 -0 -0 -0 -0 -0 -1 -0 -0 -0 -0 -0 -0 -0 -0 -0 -0 -0 -0 -0 -0 -0 -0 -0 3 -0 -0 -0 -0 -0 -0 -0 -0 -0 -0 -0 -0 -0
 -0 -0 -0 -0 -0 -0 -0 -0 -0 -0 -0 -1 -0 -1 -0 -0 -0 -0 -0 -0 -0 -0 -0 -0 -0 -0 -0 -0 -0 -0 -0 -1 -0 -0 -0 -0 -0 -0 -0 -0 -0 -0 -0 -0 -0 -0 -0 -0 -0 -0 -0 3 -0 -0 -0 -0 -0 -0 -0 -0 -0 -0 -0 -0
 -0 -0 -0 -0 -0 -0 -0 -0 -0 -0 -0 -1 -0 -0 -0 -0 -0 -1 -0 -0 -0 -0 -0 -0 -0 -0 -0 -0 -0 -0 -0 -0 -0 -0 -0 -0 -0 -0 -0 -0 -0 -0 -0 -0 -0 -0 -0 -0 -0 -0 -0 -0 2 -0 -0 -0 -0 -0 -0 -0 -0 -0 -0 -0
 -0 -0 -0 -0 -0 -0 -0 -0 -0 -0 -0 -0 -0 -1 -0 -0 -0 -0 -0 -0 -0 -0 -0 -0 -0 -1 -0 -0 -0 -0 -0 -0 -0 -0 -0 -0 -0 -0 -0 -0 -0 -0 -0 -0 -0 -0 -0 -0 -0 -0 -0 -0 -0 2 -0 -0 -0 -0 -0 -0 -0 -0 -0 -0
 -0 -0 -0 -0 -0 -0 -0 -0 -0 -0 -0 -0 -0 -0 -1 -0 -0 -0 -0 -0 -0 -0 -0 -0 -0 -0 -0 -0 -0 -1 -0 -0 -0 -0 -0 -0 -0 -0 -0 -0 -0 -0 -0 -0 -0 -0 -0 -0 -0 -0 -0 -0 -0 -0 2 -0 -0 -0 -0 -0 -0 -0 -0 -0
 -0 -0 -0 -0 -0 -0 -0 -0 -0 -0 -0 -0 -0 -0 -0 -1 -0 -0 -0 -0 -0 -0 -0 -0 -0 -1 -0 -0 -0 -0 -0 -0 -0 -0 -0 -0 -0 -0 -0 -0 -0 -0 -0 -0 -0 -0 -0 -0 -0 -0 -0 -0 -0 -0 -0 2 -0 -0 -0 -0 -0 -0 -0 -0
 -0 -0 -0 -0 -0 -0 -0 -0 -0 -0 -0 -0 -0 -0 -0 -0 -0 -0 -0 -1 -0 -0 -0 -0 -0 -0 -0 -0 -0 -0 -0 -0 -0 -0 -0 -0 -0 -0 -0 -0 -0 -0 -0 -0 -0 -0 -0 -0 -0 -0 -0 -0 -0 -0 -0 -0 1 -0 -0 -0 -0 -0 -0 -0
 -0 -0 -0 -0 -0 -0 -0 -0 -0 -0 -0 -0 -0 -0 -0 -0 -0 -0 -0 -1 -0 -0 -0 -0 -0 -0 -1 -0 -0 -0 -0 -0 -0 -0 -0 -0 -0 -0 -0 -0 -0 -0 -0 -0 -0 -0 -0 -0 -0 -0 -0 -0 -0 -0 -0 -0 -0 2 -0 -0 -0 -0 -0 -0
 -0 -0 -0 -0 -0 -0 -0 -0 -0 -0 -0 -0 -0 -0 -0 -0 -0 -0 -0 -0 -1 -0 -0 -0 -0 -0 -0 -0 -0 -0 -0 -1 -0 -0 -0 -0 -0 -0 -0 -0 -0 -0 -0 -0 -0 -0 -0 -0 -0 -0 -0 -0 -0 -0 -0 -0 -0 -0 2 -0 -0 -0 -0 -0
 -0 -0 -0 -0 -0 -0 -0 -0 -0 -0 -0 -0 -0 -0 -0 -0 -0 -0 -0 -0 -0 -1 -0 -0 -0 -0 -0 -0 -0 -1 -0 -0 -0 -0 -0 -0 -0 -0 -0 -0 -0 -0 -0 -0 -0 -0 -0 -0 -0 -0 -0 -0 -0 -0 -0 -0 -0 -0 -0 2 -0 -0 -0 -0
 -0 -0 -0 -0 -0 -0 -0 -0 -0 -0 -0 -0 -0 -0 -0 -0 -0 -0 -0 -0 -0 -0 -0 -0 -1 -0 -0 -0 -0 -1 -0 -0 -0 -0 -0 -0 -0 -0 -0 -0 -0 -0 -0 -0 -0 -0 -0 -0 -0 -0 -0 -0 -0 -0 -0 -0 -0 -0 -0 -0 2 -0 -0 -0
 -0 -0 -0 -0 -0 -0 -0 -0 -0 -0 -0 -0 -0 -0 -0 -0 -0 -0 -0 -0 -0 -0 -0 -0 -0 -0 -0 -1 -0 -0 -0 -0 -0 -0 -0 -0 -0 -0 -0 -0 -0 -0 -0 -0 -0 -0 -0 -0 -0 -0 -0 -0 -0 -0 -0 -0 -0 -0 -0 -0 -0 1 -0 -0
 -0 -0 -0 -0 -0 -0 -0 -0 -0 -0 -0 -0 -0 -0 -0 -0 -0 -0 -0 -0 -0 -0 -0 -0 -0 -0 -0 -1 -1 -0 -0 -0 -0 -0 -0 -0 -0 -0 -0 -0 -0 -0 -0 -0 -0 -0 -0 -0 -0 -0 -0 -0 -0 -0 -0 -0 -0 -0 -0 -0 -0 -0 2 -0
 -0 -0 -0 -0 -0 -0 -0 -0 -0 -0 -0 -0 -0 -0 -0 -0 -0 -0 -0 -0 -0 -0 -0 -0 -0 -0 -0 -0 -0 -1 -1 -0 -0 -0 -0 -0 -0 -0 -0 -0 -0 -0 -0 -0 -0 -0 -0 -0 -0 -0 -0 -0 -0 -0 -0 -0 -0 -0 -0 -0 -0 -0 -0 2


# name: pseudoL
# type: matrix
# rows: 64
# columns: 64
 3.8134765625000018 -0.86621093749999978 -0.81933593749999967 0.92285156249999978 -0.94433593750000078 -0.30371093750000039 1.7509765625000002 -0.91308593750000033 -0.86621093749999856 0.96972656249999933 0.16503906249999956 0.063476562499999528 1.7041015624999996 -0.25683593750000033 -0.91308593749999778 -0.41308593750000028 -0.87402343749999867 0.0166015624999995 -0.99121093750000222 1.8603515624999993 0.49316406249999944 -0.64746093749999989 0.40722656249999972 -0.86621093750000022 -0.913085937499998 -0.36621093750000056 1.8134765624999993 -0.57714843750000089 -0.62402343750000122 -0.86621093749999833 -0.91308593749999811 0.54003906249999933 0.71191406249999944 -0.86621093749999944 2.8291015625 -0.85058593749999967 -0.8505859375 -0.85839843749999867 -0.83496093749999956 -0.85058593749999889 -0.54589843749999989 -0.85058593749999956 -0.89746093750000044 0.93847656249999944 -0.97558593750000167 -0.51464843750000044 -0.077148437500000416 1.7978515625 1.7197265624999998 1.0166015624999991 0.42285156249999956 0.11035156249999958 0.032226562499999514 -0.31933593750000033 -0.897460937499998 -0.39746093750000044 1.8447265624999991 1.8291015624999996 0.50878906249999944 -0.76464843749999889 -0.89746093749999822 -0.59277343750000089 -0.60839843750000111 -0.89746093749999811
 -0.86621093749999978 2.8916015625000018 0.93847656250000078 -0.7568359375 0.813476562500002 -0.42089843750000183 -0.92871093749999967 0.84472656250000144 0.89160156249999978 -0.70996093749999956 -0.57714843750000133 -0.24121093749999958 -0.97558593749999944 0.12597656250000067 0.21972656249999886 -0.030273437499999264 0.57128906249999967 -0.28808593749999967 0.766601562500003 -0.81933593749999944 -0.49902343749999961 -0.13964843750000169 -0.64746093750000122 0.89160156250000133 0.21972656249999892 0.01660156250000077 -0.86621093749999944 -0.38183593750000233 -0.42871093750000266 0.266601562499999 0.219726562499999 -0.4521484374999995 -0.65527343750000033 0.89160156250000056 -0.85058593749999956 1.9072265625000013 0.90722656250000111 0.58691406249999978 0.92285156250000078 0.9072265625 0.52441406250000067 0.90722656250000067 0.86035156250000144 -0.74121093749999978 0.78222656250000266 -0.319335937500002 -0.50683593750000178 -0.88183593749999967 -0.95996093749999956 -0.66308593749999967 -0.63183593750000111 -0.1943359374999995 -0.27246093749999967 0.063476562500000708 0.23535156249999889 -0.014648437499999278 -0.83496093749999956 -0.85058593749999956 -0.48339843749999961 0.05566406249999864 0.23535156249999895 -0.39746093750000244 -0.41308593750000261 0.23535156249999895
 -0.81933593749999967 0.93847656250000078 0.98535156250000044 -0.70996093749999989 0.86035156250000167 -0.37402343750000155 -0.88183593749999956 0.89160156250000111 0.93847656249999933 -0.66308593749999956 -0.530273437500001 -0.19433593749999953 -0.92871093749999911 0.17285156250000061 0.26660156249999872 0.016601562500000631 0.61816406249999933 -0.24121093749999961 0.81347656250000278 -0.77246093749999922 -0.45214843749999956 -0.09277343750000154 -0.600585937500001 0.93847656250000111 0.26660156249999878 0.06347656250000068 -0.81933593749999933 -0.33496093750000194 -0.38183593750000222 0.31347656249999883 0.26660156249999883 -0.4052734374999995 -0.60839843750000011 0.93847656250000022 -0.80371093749999933 0.95410156250000067 0.95410156250000089 0.63378906249999944 0.96972656250000056 0.95410156249999978 0.57128906250000056 0.95410156250000044 0.90722656250000133 -0.69433593749999978 0.82910156250000244 -0.27246093750000172 -0.45996093750000128 -0.83496093749999956 -0.91308593749999933 -0.61621093749999956 -0.58496093750000078 -0.1474609374999995 -0.22558593749999958 0.11035156250000061 0.28222656249999878 0.032226562500000722 -0.78808593749999933 -0.80371093749999933 -0.43652343749999956 0.10253906249999867 0.28222656249999883 -0.350585937500002 -0.36621093750000216 0.28222656249999883
 0.92285156249999978 -0.7568359375 -0.70996093749999989 4.0322265625000018 -0.834960937500001 -0.19433593750000017 0.86035156249999944 -0.80371093750000044 -0.756835937499999 2.0791015625 0.27441406249999983 0.17285156249999981 0.81347656249999967 -0.14746093750000025 -0.80371093749999822 -0.30371093750000017 -0.76464843749999889 0.12597656249999989 -0.88183593750000211 0.96972656249999933 0.60253906249999978 -0.53808593749999989 0.51660156250000011 -0.75683593750000022 -0.80371093749999856 -0.25683593750000033 0.92285156249999944 -0.46777343750000067 -0.51464843750000089 -0.75683593749999867 -0.80371093749999856 0.64941406249999956 0.82128906249999967 -0.75683593749999967 0.93847656249999933 -0.74121093749999989 -0.74121093750000011 -0.749023437499999 -0.72558593749999967 -0.74121093749999933 -0.43652343750000017 -0.74121093749999989 -0.78808593750000056 3.0478515625000009 -0.86621093750000167 -0.40527343750000028 0.032226562499999875 0.90722656249999956 0.82910156249999956 1.1259765624999996 0.5322265625 0.21972656249999978 0.14160156249999983 -0.20996093750000019 -0.78808593749999822 -0.28808593750000028 0.95410156249999922 0.93847656249999933 0.61816406249999978 -0.65527343749999922 -0.78808593749999856 -0.48339843750000067 -0.49902343750000083 -0.78808593749999856
 -0.94433593750000078 0.813476562500002 0.86035156250000167 -0.834960937500001 2.7353515625000058 -0.4990234375000025 -1.0068359375000007 1.766601562500004 0.81347656250000078 -0.78808593750000044 -0.655273437500002 -0.31933593750000022 -1.0537109375000007 0.047851562500000541 0.14160156249999892 -0.10839843749999983 0.49316406250000011 -0.36621093750000028 2.6884765625000089 -0.89746093750000011 -0.57714843750000056 -0.21777343750000216 -0.72558593750000222 0.81347656250000222 0.141601562499999 -0.061523437499999736 -0.94433593750000022 -0.45996093750000316 -0.50683593750000355 0.18847656249999911 0.14160156249999897 -0.53027343750000022 -0.73339843750000133 0.81347656250000144 -0.92871093750000056 0.82910156250000178 0.829101562500002 0.50878906250000011 0.84472656250000167 0.82910156250000089 0.44628906250000111 0.82910156250000155 1.7822265625000042 -0.81933593750000056 2.704101562500008 -0.39746093750000272 -0.58496093750000244 -0.95996093750000067 -1.0380859375000007 -0.74121093750000044 -0.70996093750000189 -0.27246093749999994 -0.35058593750000022 -0.014648437499999639 0.15722656249999895 -0.092773437499999778 -0.91308593750000044 -0.92871093750000022 -0.56152343750000022 -0.022460937500001533 0.15722656249999903 -0.47558593750000333 -0.4912109375000035 0.15722656249999897
 -0.30371093750000039 -0.42089843750000183 -0.37402343750000155 -0.19433593750000017 -0.4990234375000025 2.0166015625000036 -0.36621093750000028 -0.46777343750000211 -0.42089843750000122 -0.14746093750000003 1.1103515625000029 -0.4287109375000015 -0.41308593750000022 -0.4365234375000015 0.15722656250000036 -0.592773437500002 -0.11621093750000043 -0.47558593750000172 -0.54589843750000311 -0.25683593750000011 -0.31152343750000078 1.0478515625000033 0.66503906250000222 -0.42089843750000178 0.15722656250000036 -0.545898437500002 -0.30371093750000022 1.4306640625000056 1.3837890625000067 0.20410156250000056 0.15722656250000036 -0.26464843750000056 0.28222656250000111 -0.42089843750000161 -0.28808593750000022 -0.40527343750000161 -0.40527343750000167 -0.10058593750000046 -0.38964843750000167 -0.40527343750000122 -0.41308593750000155 -0.4052734375000015 -0.45214843750000211 -0.17871093750000014 -0.53027343750000311 1.4931640625000044 1.5556640625000036 -0.31933593750000028 -0.39746093750000017 -0.10058593749999992 0.68066406250000222 -0.38183593750000122 -0.45996093750000161 -0.49902343750000189 0.17285156250000042 -0.577148437500002 -0.27246093750000011 -0.28808593750000017 -0.29589843750000067 0.61816406250000178 0.17285156250000042 1.4150390625000058 1.3994140625000064 0.17285156250000039
 1.7509765625000002 -0.92871093749999967 -0.88183593749999956 0.86035156249999944 -1.0068359375000007 -0.36621093750000028 3.6884765624999991 -0.97558593750000033 -0.92871093749999822 0.90722656249999911 0.10253906249999957 0.00097656249999950387 3.6416015624999978 -0.31933593750000033 -0.97558593749999734 -0.47558593750000022 -0.93652343749999833 -0.045898437500000541 -1.0537109375000022 1.7978515624999991 0.43066406249999939 -0.70996093749999967 0.34472656249999972 -0.92871093749999978 -0.97558593749999745 -0.42871093750000039 1.7509765624999991 -0.63964843750000056 -0.68652343750000089 -0.92871093749999811 -0.97558593749999778 0.47753906249999928 0.64941406249999922 -0.928710937499999 1.7666015624999991 -0.91308593749999944 -0.91308593749999978 -0.92089843749999856 -0.89746093749999944 -0.91308593749999867 -0.6083984375 -0.91308593749999922 -0.95996093750000056 0.87597656249999922 -1.0380859375000016 -0.57714843750000011 -0.13964843750000033 2.7353515624999991 3.6572265624999987 0.95410156249999911 0.36035156249999956 0.047851562499999556 -0.030273437500000555 -0.38183593750000039 -0.95996093749999756 -0.45996093750000044 1.7822265624999991 1.7666015624999991 0.44628906249999939 -0.82714843749999867 -0.95996093749999778 -0.65527343750000078 -0.67089843750000089 -0.95996093749999778
 -0.91308593750000033 0.84472656250000144 0.89160156250000111 -0.80371093750000044 1.766601562500004 -0.46777343750000211 -0.97558593750000033 2.7978515625000022 0.84472656250000011 -0.7568359375 -0.62402343750000167 -0.28808593749999994 -1.0224609375 0.079101562500000555 0.17285156249999906 -0.077148437499999556 0.52441406249999989 -0.33496093750000006 1.719726562500006 -0.86621093749999989 -0.5458984375 -0.18652343750000189 -0.69433593750000178 0.84472656250000167 0.17285156249999908 -0.030273437499999563 -0.91308593749999989 -0.42871093750000272 -0.475585937500003 0.21972656249999914 0.17285156249999914 -0.49902343749999994 -0.70214843750000078 0.844726562500001 -0.8974609375 0.86035156250000133 0.86035156250000155 0.54003906250000011 0.87597656250000111 0.86035156250000044 0.47753906250000094 0.86035156250000111 1.8134765625000031 -0.78808593750000022 1.7353515625000053 -0.36621093750000233 -0.553710937500002 -0.92871093750000033 -1.0068359375000002 -0.7099609375 -0.67871093750000144 -0.24121093749999975 -0.31933593749999994 0.016601562500000444 0.18847656249999906 -0.061523437499999611 -0.8818359375 -0.8974609375 -0.5302734375 0.0087890624999986469 0.18847656249999911 -0.44433593750000278 -0.45996093750000294 0.18847656249999908
 -0.86621093749999856 0.89160156249999978 0.93847656249999933 -0.756835937499999 0.81347656250000078 -0.42089843750000122 -0.92871093749999822 0.84472656250000011 2.8916015624999969 -0.70996093749999845 -0.57714843750000056 -0.24121093749999922 -0.975585937499998 0.12597656250000047 0.2197265624999985 -0.030273437499999202 0.57128906249999878 -0.28808593749999917 0.76660156250000189 -0.81933593749999845 -0.49902343749999895 -0.13964843750000153 -0.64746093750000022 0.8916015625 0.21972656249999856 0.016601562500000715 -0.86621093749999833 -0.38183593750000183 -0.428710937500002 0.26660156249999856 0.21972656249999864 -0.45214843749999895 -0.65527343749999944 0.89160156249999944 -0.85058593749999833 0.90722656249999967 0.9072265625 0.58691406249999878 0.92285156249999933 1.9072265624999978 0.52441406249999989 0.90722656249999922 0.86035156250000022 -0.74121093749999867 0.78222656250000144 -0.31933593750000155 -0.506835937500001 -0.88183593749999845 -0.95996093749999822 -0.66308593749999878 -0.63183593750000022 -0.19433593749999925 -0.27246093749999922 0.063476562500000583 0.2353515624999985 -0.014648437499999223 -0.83496093749999833 -0.85058593749999833 -0.483398437499999 0.055664062499998501 0.23535156249999856 -0.39746093750000189 -0.41308593750000194 0.23535156249999856
 0.96972656249999933 -0.70996093749999956 -0.66308593749999956 2.0791015625 -0.78808593750000044 -0.14746093750000003 0.90722656249999911 -0.7568359375 -0.70996093749999845 2.1259765624999991 0.32128906249999972 0.21972656249999969 0.860351562499999 -0.10058593750000018 -0.75683593749999789 -0.2568359375 -0.71777343749999856 0.17285156249999981 -0.83496093750000167 1.0166015624999987 0.64941406249999956 -0.49121093749999944 0.56347656249999989 -0.70996093749999978 -0.75683593749999811 -0.20996093750000022 0.96972656249999911 -0.42089843750000022 -0.46777343750000044 -0.70996093749999845 -0.75683593749999822 0.69628906249999922 0.86816406249999933 -0.70996093749999933 0.98535156249999911 -0.69433593749999956 -0.69433593749999978 -0.70214843749999878 -0.67871093749999944 -0.694335937499999 -0.38964843749999994 -0.69433593749999944 -0.74121093750000011 2.0947265624999991 -0.81933593750000111 -0.35839843749999989 0.079101562499999917 0.95410156249999911 0.875976562499999 1.1728515624999989 0.57910156249999978 0.26660156249999961 0.18847656249999975 -0.16308593750000017 -0.741210937499998 -0.24121093750000017 1.0009765624999987 0.98535156249999889 0.66503906249999933 -0.60839843749999878 -0.74121093749999822 -0.43652343750000028 -0.45214843750000044 -0.74121093749999822
 0.16503906249999956 -0.57714843750000133 -0.530273437500001 0.27441406249999983 -0.655273437500002 1.1103515625000029 0.10253906249999957 -0.62402343750000167 -0.57714843750000056 0.32128906249999972 1.9541015625000022 -0.20996093750000119 0.055664062499999473 -0.34277343750000117 -0.24902343749999892 -0.4990234375000015 -0.39746093749999978 -0.25683593750000133 -0.702148437500003 0.21191406249999956 0.032226562499999285 0.3916015625000025 1.3837890625000022 -0.57714843750000133 -0.24902343749999892 -0.45214843750000155 0.16503906249999958 0.64941406250000355 0.602539062500004 -0.20214843749999895 -0.24902343749999895 0.079101562499999403 0.87597656250000089 -0.577148437500001 0.18066406249999944 -0.56152343750000122 -0.56152343750000122 -0.38183593749999983 -0.54589843750000111 -0.56152343750000067 -0.44433593750000111 -0.56152343750000089 -0.60839843750000155 0.29003906249999972 -0.68652343750000278 0.71191406250000311 1.5244140625000027 0.14941406249999953 0.071289062499999584 0.36816406249999978 1.3994140625000018 -0.16308593750000097 -0.24121093750000128 -0.40527343750000144 -0.23339843749999886 -0.48339843750000155 0.19628906249999956 0.18066406249999956 0.047851562499999334 0.086914062500001721 -0.23339843749999892 0.63378906250000377 0.61816406250000389 -0.23339843749999892
 0.063476562499999528 -0.24121093749999958 -0.19433593749999953 0.17285156249999981 -0.31933593750000022 -0.4287109375000015 0.00097656249999950387 -0.28808593749999994 -0.24121093749999922 0.21972656249999969 -0.20996093750000119 2.0634765625000018 -0.0458984375000005 0.61816406250000111 -0.53808593749999933 0.46191406250000128 -0.3740234374999995 2.0166015625000031 -0.36621093750000056 0.11035156249999953 0.61816406250000044 -0.52246093750000111 -0.092773437500000902 -0.24121093749999969 -0.53808593749999944 0.50878906250000144 0.063476562499999611 -0.577148437500002 -0.62402343750000266 -0.49121093749999967 -0.53808593749999956 0.66503906250000033 0.086914062499999431 -0.24121093749999956 0.079101562499999556 -0.22558593749999956 -0.22558593749999969 -0.3583984374999995 -0.20996093749999944 -0.22558593749999939 0.20410156250000089 -0.2255859374999995 -0.27246093749999989 0.18847656249999972 -0.3505859375000005 -0.51464843750000155 -0.32714843750000133 0.04785156249999957 -0.030273437500000583 0.26660156249999972 -0.077148437500000888 1.1103515625000013 2.0322265625000027 0.55566406250000133 -0.52246093749999944 0.47753906250000133 0.094726562499999542 0.079101562499999556 0.63378906250000044 -0.51464843750000022 -0.52246093749999956 -0.59277343750000222 -0.60839843750000255 -0.52246093749999956
 1.7041015624999996 -0.97558593749999944 -0.92871093749999911 0.81347656249999967 -1.0537109375000007 -0.41308593750000022 3.6416015624999978 -1.0224609375 -0.975585937499998 0.860351562499999 0.055664062499999473 -0.0458984375000005 5.5947265624999973 -0.36621093750000017 -1.0224609374999971 -0.52246093750000022 -0.983398437499998 -0.092773437500000555 -1.100585937500002 1.7509765624999984 0.38378906249999933 -0.75683593749999944 0.29785156249999961 -0.97558593749999978 -1.0224609374999973 -0.47558593750000039 1.7041015624999991 -0.68652343750000067 -0.73339843750000111 -0.97558593749999778 -1.0224609374999976 0.43066406249999928 0.60253906249999922 -0.97558593749999878 1.7197265624999989 -0.95996093749999922 -0.95996093749999956 -0.96777343749999833 -0.94433593749999933 -0.95996093749999845 -0.65527343749999978 -0.95996093749999889 -1.0068359375000002 0.82910156249999922 -1.0849609375000016 -0.62402343750000022 -0.18652343750000036 2.6884765624999991 4.6103515624999982 0.907226562499999 0.3134765624999995 0.00097656249999956979 -0.077148437500000527 -0.42871093750000028 -1.0068359374999973 -0.50683593750000033 1.7353515624999987 1.7197265624999987 0.39941406249999933 -0.87402343749999845 -1.0068359374999976 -0.70214843750000078 -0.717773437500001 -1.0068359374999973
 -0.25683593750000033 0.12597656250000067 0.17285156250000061 -0.14746093750000025 0.047851562500000541 -0.4365234375000015 -0.31933593750000033 0.079101562500000555 0.12597656250000047 -0.10058593750000018 -0.34277343750000117 0.61816406250000111 -0.36621093750000017 1.1103515625000009 -0.29589843749999978 0.95410156250000155 -0.069335937499999722 0.57128906250000122 0.00097656250000056205 -0.20996093750000017 0.23535156250000028 -0.40527343750000117 -0.28808593750000105 0.12597656250000067 -0.29589843749999989 1.0009765625000016 -0.25683593750000017 -0.52246093750000211 -0.56933593750000255 -0.2490234375 -0.29589843749999989 0.28222656250000022 -0.17089843750000056 0.12597656250000056 -0.24121093750000022 0.14160156250000064 0.14160156250000064 -0.053710937499999709 0.15722656250000067 0.14160156250000044 0.63378906250000111 0.14160156250000056 0.094726562500000583 -0.13183593750000017 0.016601562500000527 -0.45996093750000167 -0.39746093750000139 -0.27246093750000028 -0.35058593750000033 -0.053710937500000139 -0.27246093750000094 0.66503906250000067 0.58691406250000111 1.0478515625000013 -0.28027343749999983 0.96972656250000155 -0.22558593750000019 -0.24121093750000017 0.25097656250000028 -0.3349609375000005 -0.28027343749999994 -0.53808593750000233 -0.55371093750000255 -0.28027343749999989
 -0.91308593749999778 0.21972656249999886 0.26660156249999872 -0.80371093749999822 0.14160156249999892 0.15722656250000036 -0.97558593749999734 0.17285156249999906 0.2197265624999985 -0.75683593749999789 -0.24902343749999892 -0.53808593749999933 -1.0224609374999971 -0.29589843749999978 3.2978515624999951 -0.45214843749999972 0.77441406249999756 -0.58496093749999967 0.094726562499999348 -0.86621093749999745 -0.67089843749999856 0.68847656249999889 -0.44433593749999889 0.21972656249999897 1.2978515624999962 -0.40527343749999978 -0.91308593749999756 0.32128906250000033 0.27441406250000056 1.3447265624999969 1.2978515624999967 -0.62402343749999856 -0.57714843749999822 0.2197265624999987 -0.89746093749999745 0.23535156249999883 0.23535156249999889 0.79003906249999767 0.25097656249999867 0.23535156249999861 -0.022460937500000569 0.23535156249999872 0.18847656249999892 -0.788085937499998 0.11035156249999917 0.38378906249999994 -0.053710937499999327 -0.92871093749999767 -1.0068359374999973 -0.709960937499998 -0.42871093749999867 -0.49121093749999928 -0.56933593749999944 -0.35839843749999989 2.3134765624999956 -0.43652343749999978 -0.88183593749999745 -0.89746093749999745 -0.65527343749999867 1.0087890624999978 1.3134765624999964 0.30566406250000044 0.2900390625000005 1.3134765624999964
 -0.41308593750000028 -0.030273437499999264 0.016601562500000631 -0.30371093750000017 -0.10839843749999983 -0.592773437500002 -0.47558593750000022 -0.077148437499999556 -0.030273437499999202 -0.2568359375 -0.4990234375000015 0.46191406250000128 -0.52246093750000022 0.95410156250000155 -0.45214843749999972 4.7978515625000018 -0.22558593749999975 0.41503906250000144 -0.15527343749999992 -0.36621093750000006 0.079101562500000458 -0.56152343750000155 -0.44433593750000128 -0.030273437499999389 -0.45214843749999994 2.8447265625000022 -0.41308593749999994 -0.67871093750000278 -0.72558593750000333 -0.40527343750000006 -0.45214843750000006 0.1259765625000005 -0.32714843750000061 -0.030273437499999369 -0.39746093750000006 -0.014648437499999299 -0.014648437499999348 -0.20996093749999967 0.00097656250000075634 -0.01464843749999941 0.47753906250000133 -0.014648437499999278 -0.061523437499999577 -0.2880859375 -0.13964843749999992 -0.61621093750000222 -0.55371093750000189 -0.42871093750000017 -0.50683593750000044 -0.20996093749999994 -0.42871093750000111 0.50878906250000089 0.43066406250000139 1.8916015625000022 -0.43652343749999989 3.8134765625000022 -0.38183593750000006 -0.39746093750000006 0.0947265625000005 -0.49121093750000072 -0.4365234375 -0.694335937500003 -0.70996093750000322 -0.43652343749999994
 -0.87402343749999867 0.57128906249999967 0.61816406249999933 -0.76464843749999889 0.49316406250000011 -0.11621093750000043 -0.93652343749999833 0.52441406249999989 0.57128906249999878 -0.71777343749999856 -0.39746093749999978 -0.3740234374999995 -0.983398437499998 -0.069335937499999722 0.77441406249999756 -0.22558593749999975 2.1884765624999982 -0.42089843749999967 0.44628906250000083 -0.82714843749999833 -0.56933593749999911 0.29003906249999889 -0.53027343749999967 0.57128906249999978 0.77441406249999778 -0.17871093749999975 -0.87402343749999833 -0.014648437500000716 -0.061523437500000694 0.821289062499998 0.77441406249999811 -0.522460937499999 -0.600585937499999 0.57128906249999933 -0.85839843749999833 0.58691406249999944 0.58691406249999967 1.2041015624999982 0.60253906249999933 0.586914062499999 0.26660156249999983 0.58691406249999933 0.54003906249999989 -0.74902343749999878 0.46191406250000044 0.047851562499999237 -0.26464843750000017 -0.88964843749999856 -0.96777343749999811 -0.67089843749999867 -0.51464843749999956 -0.32714843749999944 -0.40527343749999956 -0.13183593749999978 0.79003906249999767 -0.20996093749999972 -0.84277343749999833 -0.85839843749999833 -0.55371093749999911 0.54785156249999845 0.79003906249999789 -0.030273437500000701 -0.045898437500000694 0.790039062499998
 0.0166015624999995 -0.28808593749999967 -0.24121093749999961 0.12597656249999989 -0.36621093750000028 -0.47558593750000172 -0.045898437500000541 -0.33496093750000006 -0.28808593749999917 0.17285156249999981 -0.25683593750000133 2.0166015625000031 -0.092773437500000555 0.57128906250000122 -0.58496093749999967 0.41503906250000144 -0.42089843749999967 3.9697265625000044 -0.41308593750000094 0.063476562499999611 0.57128906250000078 -0.56933593750000144 -0.13964843750000103 -0.28808593749999978 -0.58496093749999978 0.46191406250000155 0.016601562499999611 -0.62402343750000255 -0.67089843750000311 -0.53808593749999989 -0.58496093749999978 0.61816406250000056 0.040039062499999424 -0.28808593749999961 0.032226562499999577 -0.27246093749999961 -0.27246093749999978 -0.40527343749999967 -0.25683593749999956 -0.27246093749999939 0.157226562500001 -0.27246093749999967 -0.3193359375 0.14160156249999978 -0.39746093750000061 -0.561523437500002 -0.37402343750000155 0.00097656249999960448 -0.077148437500000666 0.21972656249999986 -0.12402343750000099 1.0634765625000018 2.9853515625000044 0.50878906250000155 -0.56933593749999967 0.4306640625000015 0.047851562499999556 0.032226562499999611 0.58691406250000089 -0.56152343750000056 -0.56933593749999978 -0.63964843750000266 -0.65527343750000289 -0.56933593749999978
 -0.99121093750000222 0.766601562500003 0.81347656250000278 -0.88183593750000211 2.6884765625000089 -0.54589843750000311 -1.0537109375000022 1.719726562500006 0.76660156250000189 -0.83496093750000167 -0.702148437500003 -0.36621093750000056 -1.100585937500002 0.00097656250000056205 0.094726562499999348 -0.15527343749999992 0.44628906250000083 -0.41308593750000094 4.6416015625000142 -0.94433593750000167 -0.62402343750000122 -0.26464843750000233 -0.77246093750000333 0.76660156250000333 0.094726562499999403 -0.10839843749999975 -0.991210937500002 -0.50683593750000366 -0.55371093750000422 0.14160156249999956 0.094726562499999431 -0.577148437500001 -0.78027343750000211 0.76660156250000255 -0.975585937500002 0.78222656250000278 0.78222656250000311 0.461914062500001 0.79785156250000278 0.782226562500002 0.39941406250000167 0.78222656250000266 1.7353515625000064 -0.86621093750000178 3.6572265625000124 -0.44433593750000316 -0.63183593750000333 -1.0068359375000022 -1.0849609375000024 -0.78808593750000155 -0.75683593750000289 -0.31933593750000033 -0.39746093750000083 -0.061523437499999667 0.11035156249999944 -0.13964843749999989 -0.95996093750000178 -0.97558593750000189 -0.60839843750000111 -0.069335937500001388 0.11035156249999947 -0.52246093750000389 -0.538085937500004 0.11035156249999942
